=
399.1821040 1803.3387250
114
205.2741620 1045.0085670 133.1145740
36.4620510 534.5569940 4.7670960
260.9113780 692.5080470 92.1565720
313.8684570 1552.1029910 70.7905130
145.5558270 1580.8313710 23.6233370
329.8152750 1467.4588390 54.5247370
378.0577480 150.0259820 16.0120130
64.3720280 246.3926350 48.2883530
201.7290710 558.1670990 121.7547690
99.3234560 98.2378500 92.5595000
251.5674440 392.1809060 131.0858910
367.5199350 299.2814720 14.9454870
284.4844050 288.9898880 99.9119980
156.3860190 1674.1160520 45.0329200
208.0517590 1144.3471210 20.3747150
253.2364390 1042.6420530 85.9496900
104.0015140 1702.8994670 87.0716750
186.8055780 336.0449920 15.1647340
360.3201110 817.0527270 25.6142600
105.1710290 1622.8782720 83.2747080
304.4757930 467.5241090 94.1687160
102.8076350 245.9523530 79.4486810
282.7666800 1581.2716530 48.6452830
95.3641620 348.0426680 31.4960470
265.6381660 1230.3121190 36.7860220
372.6609260 72.0410900 21.1282340
337.3683890 1090.8528970 32.5999580
360.1373750 1097.4571220 28.3144890
392.7375920 1685.5083400 4.8006860
118.3280670 512.7080160 14.8167380
196.7586340 551.9481210 168.3920520
209.6963880 362.1316820 133.0106800
150.4288040 60.4286610 52.6074400
353.3395720 1666.1909820 3.7060720
290.2345180 228.2310160 37.7843670
251.6770860 1522.8242600 120.0495570
61.1558630 1168.1773670 22.0121540
372.8802100 1234.9901120 18.3584280
122.5797400 1261.7922590 106.1083330
329.8883690 1080.6163480 50.0834230
121.0082050 682.5466740 23.5501980
257.2688280 45.7342590 41.8680550
389.0584940 1129.1574030 6.4087050
352.0238680 659.4869210 28.6486970
59.5477810 327.1843230 14.1223120
294.9613060 626.9611120 33.0852610
42.0294280 1611.9813000 35.3505370
101.1751880 316.5074930 67.5345230
283.3027080 1174.6164860 29.3986460
306.5102610 1718.4744310 54.5232430
23.0004520 371.3775970 12.5106680
314.6115860 1732.0681280 13.6137780
147.4319230 695.9202300 102.7348580
54.6138910 1505.5432040 42.4883970
25.2054740 1236.6411680 10.5354220
326.2458190 258.6654870 11.4322570
379.0445260 268.2416130 1.8418630
129.0364340 1631.4087290 59.4362280
0.4629330 1672.4649960 0.2245510
144.9345220 1615.6686590 121.3147110
308.7274660 90.2577440 33.2527080
100.2493220 1336.8052500 40.1248160
360.0399150 1552.7083790 15.3369720
269.1710740 729.9319900 48.3509140
326.7452990 835.5445580 71.6122280
116.9758160 831.5269870 5.4048700
208.5146910 722.9425180 64.8514760
323.7849650 1790.1853100 10.2984970
220.0149170 1618.3653840 36.2468120
346.2737550 1442.9681700 37.8433480
334.3349610 623.8791400 16.9168180
198.6469130 786.4531500 78.4111810
213.9967910 977.9756810 53.1248490
40.2873380 5.8337320 1.7463630
316.1709390 902.7425490 27.0995340
383.4789350 584.0336480 2.0985800
165.8517770 1275.7161670 17.6698680
208.9045300 1106.2627560 51.8564020
61.8258970 874.7846620 24.3684640
388.5346490 1443.9588040 7.1595010
139.9519030 1571.1451740 117.3533890
105.6461440 1362.3966230 22.7110030
327.9513610 368.4056960 33.8686780
328.4995710 972.6923010 62.8111820
207.6862850 1012.0424760 39.9331930
288.7360770 13.2084500 7.5799340
162.5137870 799.3313900 133.9658770
168.1177110 513.8637550 102.0958380
307.2655730 1410.7725720 7.3775590
69.0866330 817.6581140 60.7225270
189.3395260 1006.8691660 139.7669750
109.9830940 1469.9904580 10.3750040
1.3766160 384.2008010 1.0210660
111.2744330 23.1147880 3.0502740
95.6930880 1322.0558140 63.7116740
215.9947110 1190.7968380 49.7843480
166.1076080 1601.7447510 121.7152520
394.6502350 1148.9700780 2.6697190
41.0061030 1383.6402140 29.3401310
347.6625530 770.4929400 6.2640430
61.8502620 1057.1163130 34.4728330
308.3863580 849.2483250 59.3814760
335.2851910 1564.3208080 10.0621990
113.3941780 126.0856660 28.1452330
202.6671190 1155.2440920 24.4751630
269.3050810 1025.9663840 13.1910380
323.2489380 737.4167780 1.0590370
307.4117620 1715.6676360 5.9505140
83.6568350 710.6696660 21.8569340
59.4868680 475.1189680 20.8304800
4.2273080 246.1724940 1.3995130
338.6353630 72.7565480 35.9433330
384.5022600 24.7658440 2.0783040
58.9630230 1400.0407060 0.0917730
=
76.546145369402169
=
4 2
1
1 1 1
=
1.000000
=
10 10
3
4 4 2
6 6 2
4 4 1.4
=
2.202041028849635