=
4
6 0 10 0 20 5 30 10 20 10 10 5 0
4 40 20 40 30 50 20 50 30
4 20 10 30 20 20 20 30 10
3 55 10 45 10 50 0
=
177.082039 179.442719
=
2
3 0 0 100 100 100 -100
3 200 100 300 0 200 -100
=
965.685425 765.685425
=
2
3 -10000 -10000 -10000 10000 10000 -10000
3 10000 10000 10000 9999 9999 10000
=
68287.685461 80000.000000
=
50
8 19 55 34 49 26 72 98 42 22 31 36 34 8 31 10 82
8 135 18 104 28 106 84 152 15 145 79 107 0 157 89 191 41
8 289 0 218 61 295 19 266 43 282 50 241 60 213 92 288 51
8 387 86 362 36 329 87 338 73 309 74 396 98 340 28 367 79
8 82 111 61 174 84 161 83 191 27 141 53 120 20 195 40 193
8 127 110 148 188 135 135 120 181 141 195 163 159 101 189 142 126
8 250 157 220 176 294 120 245 153 277 129 229 164 276 143 279 167
8 337 156 345 186 353 142 315 179 319 148 380 196 331 151 367 129
8 77 273 78 280 75 202 23 210 24 269 88 232 87 229 88 273
8 171 297 166 258 192 241 146 283 110 210 142 280 176 283 163 244
8 216 201 240 293 261 268 261 248 289 259 236 258 232 266 296 228
8 312 241 379 290 339 220 382 226 354 229 302 211 323 205 325 212
8 81 383 1 319 98 330 12 306 22 361 37 344 75 312 67 355
8 108 300 139 304 169 350 126 379 119 385 103 318 112 325 126 376
8 222 332 250 391 220 387 204 361 213 312 280 381 299 355 276 390
8 375 354 331 344 304 393 359 395 341 365 346 392 331 303 341 364
8 53 464 63 468 38 429 36 407 44 480 13 422 66 465 71 417
8 125 486 158 480 115 459 101 437 188 427 155 449 184 419 123 413
8 220 431 275 402 247 490 281 442 201 441 203 418 287 496 274 461
8 338 453 353 418 353 449 347 449 392 493 377 437 391 472 364 406
8 33 521 10 545 93 599 55 585 30 539 79 577 91 594 78 593
8 158 543 136 521 156 515 198 547 153 560 120 529 152 583 195 567
8 274 593 286 506 267 500 213 525 249 585 225 539 252 521 290 598
8 366 516 318 578 307 529 329 532 335 560 313 596 387 556 324 505
8 18 645 40 624 13 624 83 668 37 632 47 637 95 626 52 698
8 132 604 131 644 106 615 125 647 135 692 176 635 160 619 133 667
8 205 671 207 600 255 693 270 662 274 664 248 698 296 644 280 671
8 369 670 372 631 301 684 309 644 347 666 320 636 356 651 339 681
8 78 739 5 729 65 741 18 765 71 705 14 746 11 765 67 765
8 150 787 157 715 192 737 110 724 100 784 182 721 169 750 177 788
8 211 723 278 799 267 729 210 783 206 715 294 766 213 731 213 774
8 381 760 389 769 391 722 335 762 323 727 317 706 348 734 377 770
8 43 830 31 862 65 833 7 899 90 889 59 837 20 871 57 872
8 100 862 137 824 163 847 130 883 138 875 110 865 122 876 151 858
8 278 803 256 899 280 885 272 842 264 892 201 863 238 865 244 879
8 313 876 320 804 382 832 312 817 307 879 369 804 333 868 316 825
8 21 955 36 949 46 900 46 982 2 928 10 917 85 917 29 921
8 154 949 151 934 177 956 175 978 185 925 189 923 143 985 164 989
8 274 938 280 949 216 952 277 937 277 901 292 994 231 978 273 908
8 362 932 334 929 325 916 387 921 327 903 327 948 363 929 358 981
8 70 1004 51 1061 91 1027 84 1071 61 1019 47 1050 23 1026 79 1059
8 100 1014 160 1002 148 1096 123 1015 191 1074 126 1069 112 1014 139 1041
8 213 1044 238 1011 285 1006 263 1055 294 1094 268 1042 229 1019 256 1003
8 306 1087 381 1087 324 1032 364 1071 328 1066 391 1037 336 1045 318 1058
8 68 1184 56 1187 32 1149 15 1109 77 1173 34 1149 28 1106 20 1151
8 111 1111 107 1190 139 1148 134 1113 194 1147 145 1197 190 1114 184 1159
8 265 1186 206 1167 279 1107 252 1193 280 1141 219 1147 286 1187 262 1187
8 379 1117 367 1170 367 1151 328 1145 305 1152 377 1120 342 1197 328 1156
8 38 1283 51 1297 21 1250 89 1220 73 1254 16 1208 50 1213 47 1212
8 106 1275 152 1220 163 1207 150 1280 113 1255 190 1210 116 1257 155 1270
=
12979.586052 38557.759451
=
50
8 19 55 34 49 26 72 98 42 22 31 36 34 8 31 10 82
8 135 18 104 28 106 84 152 15 145 79 107 0 157 89 191 41
8 289 0 218 61 295 19 266 43 282 50 241 60 213 92 288 51
8 387 86 362 36 329 87 338 73 309 74 396 98 340 28 367 79
8 82 111 61 174 84 161 83 191 27 141 53 120 20 195 40 193
8 127 110 148 188 135 135 120 181 141 195 163 159 101 189 142 126
8 250 157 220 176 294 120 245 153 277 129 229 164 276 143 279 167
8 337 156 345 186 353 142 315 179 319 148 380 196 331 151 367 129
8 77 273 78 280 75 202 23 210 24 269 88 232 87 229 88 273
8 171 297 166 258 192 241 146 283 110 210 142 280 176 283 163 244
8 216 201 240 293 261 268 261 248 289 259 236 258 232 266 296 228
8 312 241 379 290 339 220 382 226 354 229 302 211 323 205 325 212
8 81 383 1 319 98 330 12 306 22 361 37 344 75 312 67 355
8 108 300 139 304 169 350 126 379 119 385 103 318 112 325 126 376
8 222 332 250 391 220 387 204 361 213 312 280 381 299 355 276 390
8 375 354 331 344 304 393 359 395 341 365 346 392 331 303 341 364
8 53 464 63 468 38 429 36 407 44 480 13 422 66 465 71 417
8 125 486 158 480 115 459 101 437 188 427 155 449 184 419 123 413
8 220 431 275 402 247 490 281 442 201 441 203 418 287 496 274 461
8 338 453 353 418 353 449 347 449 392 493 377 437 391 472 364 406
8 33 521 10 545 93 599 55 585 30 539 79 577 91 594 78 593
8 158 543 136 521 156 515 198 547 153 560 120 529 152 583 195 567
8 274 593 286 506 267 500 213 525 249 585 225 539 252 521 290 598
8 366 516 318 578 307 529 329 532 335 560 313 596 387 556 324 505
8 18 645 40 624 13 624 83 668 37 632 47 637 95 626 52 698
8 132 604 131 644 106 615 125 647 135 692 176 635 160 619 133 667
8 205 671 207 600 255 693 270 662 274 664 248 698 296 644 280 671
8 369 670 372 631 301 684 309 644 347 666 320 636 356 651 339 681
8 78 739 5 729 65 741 18 765 71 705 14 746 11 765 67 765
8 150 787 157 715 192 737 110 724 100 784 182 721 169 750 177 788
8 211 723 278 799 267 729 210 783 206 715 294 766 213 731 213 774
8 381 760 389 769 391 722 335 762 323 727 317 706 348 734 377 770
8 43 830 31 862 65 833 7 899 90 889 59 837 20 871 57 872
8 100 862 137 824 163 847 130 883 138 875 110 865 122 876 151 858
8 278 803 256 899 280 885 272 842 264 892 201 863 238 865 244 879
8 313 876 320 804 382 832 312 817 307 879 369 804 333 868 316 825
8 21 955 36 949 46 900 46 982 2 928 10 917 85 917 29 921
8 154 949 151 934 177 956 175 978 185 925 189 923 143 985 164 989
8 274 938 280 949 216 952 277 937 277 901 292 994 231 978 273 908
8 362 932 334 929 325 916 387 921 327 903 327 948 363 929 358 981
8 70 1004 51 1061 91 1027 84 1071 61 1019 47 1050 23 1026 79 1059
8 100 1014 160 1002 148 1096 123 1015 191 1074 126 1069 112 1014 139 1041
8 213 1044 238 1011 285 1006 263 1055 294 1094 268 1042 229 1019 256 1003
8 306 1087 381 1087 324 1032 364 1071 328 1066 391 1037 336 1045 318 1058
8 68 1184 56 1187 32 1149 15 1109 77 1173 34 1149 28 1106 20 1151
8 111 1111 107 1190 139 1148 134 1113 194 1147 145 1197 190 1114 184 1159
8 265 1186 206 1167 279 1107 252 1193 280 1141 219 1147 286 1187 262 1187
8 379 1117 367 1170 367 1151 328 1145 305 1152 377 1120 342 1197 328 1156
8 38 1283 51 1297 21 1250 89 1220 73 1254 16 1208 50 1213 47 1212
8 106 1275 152 1220 163 1207 150 1280 113 1255 190 1210 116 1257 155 1270
=
12979.586052 38557.759451
=
50
8 35 35 25 64 97 3 45 85 13 77 34 94 75 78 95 88
8 137 19 113 42 148 40 199 77 155 62 153 18 182 65 189 10
8 236 86 222 12 223 62 255 22 220 39 292 87 234 47 203 61
8 340 42 398 11 359 7 310 17 324 65 367 6 306 0 351 86
8 82 195 37 168 52 139 78 194 61 166 65 184 77 125 38 117
8 159 118 112 100 167 113 140 127 112 161 177 101 161 143 137 173
8 253 114 208 173 221 100 252 120 229 165 288 135 240 128 210 186
8 363 138 342 198 360 187 364 106 314 177 317 191 381 128 380 196
8 36 203 72 266 1 237 92 275 95 220 63 230 50 268 45 286
8 159 235 178 234 184 284 137 271 138 290 120 264 119 210 194 299
8 291 271 237 293 214 200 229 220 200 263 289 290 255 250 249 218
8 396 255 375 233 308 288 337 227 398 218 355 247 390 245 313 210
8 91 301 72 368 8 307 81 335 28 335 66 346 0 309 12 305
8 130 321 117 366 127 343 151 363 143 359 184 369 128 346 183 381
8 244 357 279 344 256 365 243 356 202 391 258 329 217 373 208 393
8 324 306 324 300 355 390 383 390 372 357 341 398 329 355 334 311
8 65 448 92 473 86 479 95 467 87 496 97 438 25 466 88 408
8 114 485 180 474 168 464 189 471 151 430 152 434 110 447 145 425
8 279 425 213 479 285 448 233 407 222 425 243 446 241 473 255 467
8 345 486 301 497 399 462 337 457 388 412 351 417 347 451 344 499
8 86 552 8 558 30 532 65 573 52 598 92 525 69 542 63 506
8 105 577 103 581 136 507 179 549 168 547 160 554 139 561 107 561
8 289 506 240 537 288 519 219 509 264 551 204 551 268 511 247 581
8 381 575 366 574 358 551 383 539 379 589 309 526 343 568 358 527
8 0 674 40 617 52 626 72 615 51 625 8 640 22 686 87 632
8 178 671 107 696 169 642 166 667 152 604 157 645 138 621 173 696
8 276 652 274 670 238 632 278 643 280 611 258 639 244 662 251 654
8 399 637 300 666 331 657 358 664 392 603 328 631 397 631 376 694
8 41 752 33 700 17 741 78 764 60 741 47 770 66 768 87 796
8 193 722 158 709 162 799 108 712 178 711 178 772 148 738 171 759
8 230 763 213 751 254 790 229 740 275 728 200 787 243 754 291 726
8 316 785 394 721 370 764 313 777 395 727 331 723 342 742 314 752
8 52 817 74 866 68 874 33 813 44 827 35 883 92 870 76 864
8 127 866 115 898 156 881 183 884 103 863 107 882 155 876 141 888
8 290 856 240 898 239 882 280 816 268 842 242 853 217 828 236 818
8 399 814 360 808 307 837 348 841 369 811 326 875 325 895 305 869
8 33 906 71 963 37 900 68 900 14 950 8 931 44 999 48 947
8 107 992 107 986 108 948 150 940 133 904 176 939 137 983 108 913
8 213 998 288 917 252 942 251 971 295 910 248 983 264 947 273 968
8 367 972 327 942 327 959 383 964 312 925 341 941 310 925 399 961
8 97 1080 81 1052 68 1083 96 1051 62 1090 52 1082 19 1068 17 1045
8 141 1071 191 1082 195 1009 154 1014 194 1062 106 1091 113 1092 179 1073
8 233 1073 203 1096 294 1060 250 1086 276 1039 267 1036 274 1051 206 1066
8 323 1020 305 1055 329 1030 387 1010 342 1088 385 1095 313 1056 363 1097
8 74 1148 11 1180 25 1136 15 1106 37 1180 41 1189 56 1146 10 1103
8 121 1159 104 1176 108 1119 153 1192 193 1114 128 1103 160 1114 114 1165
8 244 1181 219 1137 287 1103 234 1127 284 1185 258 1157 214 1168 255 1115
8 348 1172 356 1199 397 1130 310 1156 359 1136 349 1129 398 1193 346 1196
8 10 1201 16 1207 21 1218 39 1287 98 1234 30 1255 87 1254 76 1284
8 192 1224 129 1278 156 1286 193 1213 155 1255 194 1289 196 1281 154 1295
=
13148.873135 39065.105838
=
4
4 0 0 0 10 10 0 10 10
4 50 250 60 260 50 260 60 250
4 20 0 20 10 30 10 30 0
4 50 -250 60 -260 60 -250 50 -260
=
160.000000 1113.637416
